379
859
855
372
259
11
989
131
481
45
386
176
677
168
652
938
539
570
510
215
231
636
350
20
61
100
13
152
169
975
876
162
638
154
660
304
875
522
159
286
610
355
140
834
70
866
668
283
77
184
88
785
780
606
721
984
385
647
411
423
303
686
615
973
482
802
189
396
266
6
302
71
879
888
379
634
840
78
271
534
439
176
562
150
381
141
458
579
295
35
914
381
32
408
829
283
501
488
868
108
403
938
812
193
573
359
191
328
669
613
325
855
958
686
336
920
319
457
937
759
655
344
273
129
473
216
931
728
767
935
182
715
922
342
604
877
110
372
491
186
109
587
977
166
158
547
587
689
548
37
5
304
423
395
92
234
881
656
377
734
73
63
890
358
826
13
7
335
140
549
564
574
777
229
87
521
752
765
692
253
415
340
665
158
747
456
947
624
569
494
373
168
534
992
137
334
841
143
935
637
788
719
78
87
38
965
436
173
509
754
948
430
973
601
563
107
294
506
595
569
3
754
795
426
466
692
469
56
561
234
370
677
351
690
447
302
252
923
234
709
129
810
541
499
977
140
482
323
624
783
441
360
732
717
512
952
663
703
62
889
179
590
880
547
503
821
705
434
959
511
931
523
23
988
33
805
849
975
197
919
670
371
338
441
821
384
346
362
791
705
331
252
88
971
710
803
994
49
33
725
209
388
123
564
483
696
396
744
42
277
612
107
531
198
350
450
56
418
638
635
155
177
846
149
438
226
922
276
427
591
951
113
98
216
976
74
549
587
887
943
507
180
175
616
562
569
474
930
417
551
268
547
480
762
833
742
809
836
984
188
422
150
184
464
393
208
241
117
536
451
211
461
973
608
117
29
483
905
500
826
565
468
18
353
249
753
83
542
170
802
324
923
47
124
147
638
992
433
409
372
909
967
939
17
